1
10
1
10
10
5
15
1
19
16
20
1
9
3
5
6
1
20
4
18
1
16
3
11
4
19
7
6
11
5
11
8
7
1
9
12
20
7
19
18
13
9
9
13
3
6
7
9
7
5
7
13
3
15
6
9
16
1
9
13
17
10
6
5
12
18
16
3
19
17
1
12
14
16
5
19
18
4
10
18
17
17
5
17
4
6
16
4
14
7
2
13
13
11
2
7
12
4
5
9
1
10
1
10
10
5
15
1
19
16
20
1
9
3
5
6
1
20
4
18
1
16
3
11
4
19
7
6
11
5
11
8
7
1
9
12
20
7
19
18
13
9
9
13
3
6
7
9
7
5
7
13
3
15
6
9
16
1
9
13
17
10
6
5
12
18
16
3
19
17
1
12
14
16
5
19
18
4
10
18
17
17
5
17
4
6
16
4
14
7
2
13
13
11
2
7
12
4
5
9
1
10
1
10
10
5
15
1
19
16
20
1
9
3
5
6
1
20
4
18
1
16
3
11
4
19
7
6
11
5
11
8
7
1
9
12
20
7
19
18
13
9
9
13
3
6
7
9
7
5
7
13
3
15
6
9
16
1
9
13
17
10
6
5
12
18
16
3
19
17
1
12
14
16
5
19
18
4
10
18
17
17
5
17
4
6
16
4
14
7
2
13
13
11
2
7
12
4
5
9
1
10
1
10
10
5
15
1
19
16
20
1
9
3
5
6
1
20
4
18
1
16
3
11
4
19
7
6
11
5
11
8
7
1
9
12
20
7
19
18
13
9
9
13
3
6
7
9
7
5
7
13
3
15
6
9
16
1
9
13
17
10
6
5
12
18
16
3
19
17
1
12
14
16
5
19
18
4
10
18
17
17
5
17
4
6
16
4
14
7
2
13
13
11
2
7
12
4
5
9
1
10
1
10
10
5
15
1
19
16
20
1
9
3
5
6
1
20
4
18
1
16
3
11
4
19
7
6
11
5
11
8
7
1
9
12
20
7
19
18
13
9
9
13
3
6
7
9
7
5
7
13
3
15
6
9
16
1
9
13
17
10
6
5
12
18
16
3
19
17
1
12
14
16
5
19
18
4
10
18
17
17
5
17
4
6
16
4
14
7
2
13
13
11
2
7
12
4
5
9
