14
2
4
15
6
4
8
8
18
7
16
10
2
19
2
13
2
20
3
7
10
6
11
14
18
9
19
8
8
8
0
16
13
16
12
7
15
0
0
16
9
13
13
2
13
4
18
14
4
14
7
13
17
9
2
20
0
16
12
8
3
16
11
13
13
16
1
18
4
11
3
19
3
18
19
16
4
10
9
15
1
4
7
0
10
20
11
16
5
0
15
10
13
14
17
6
0
4
7
5
14
2
4
15
6
4
8
8
18
7
16
10
2
19
2
13
2
20
3
7
10
6
11
14
18
9
19
8
8
8
0
16
13
16
12
7
15
0
0
16
9
13
13
2
13
4
18
14
4
14
7
13
17
9
2
20
0
16
12
8
3
16
11
13
13
16
1
18
4
11
3
19
3
18
19
16
4
10
9
15
1
4
7
0
10
20
11
16
5
0
15
10
13
14
17
6
0
4
7
5
14
2
4
15
6
4
8
8
18
7
16
10
2
19
2
13
2
20
3
7
10
6
11
14
18
9
19
8
8
8
0
16
13
16
12
7
15
0
0
16
9
13
13
2
13
4
18
14
4
14
7
13
17
9
2
20
0
16
12
8
3
16
11
13
13
16
1
18
4
11
3
19
3
18
19
16
4
10
9
15
1
4
7
0
10
20
11
16
5
0
15
10
13
14
17
6
0
4
7
5
14
2
4
15
6
4
8
8
18
7
16
10
2
19
2
13
2
20
3
7
10
6
11
14
18
9
19
8
8
8
0
16
13
16
12
7
15
0
0
16
9
13
13
2
13
4
18
14
4
14
7
13
17
9
2
20
0
16
12
8
3
16
11
13
13
16
1
18
4
11
3
19
3
18
19
16
4
10
9
15
1
4
7
0
10
20
11
16
5
0
15
10
13
14
17
6
0
4
7
5
14
2
4
15
6
4
8
8
18
7
16
10
2
19
2
13
2
20
3
7
10
6
11
14
18
9
19
8
8
8
0
16
13
16
12
7
15
0
0
16
9
13
13
2
13
4
18
14
4
14
7
13
17
9
2
20
0
16
12
8
3
16
11
13
13
16
1
18
4
11
3
19
3
18
19
16
4
10
9
15
1
4
7
0
10
20
11
16
5
0
15
10
13
14
17
6
0
4
7
5
