92111466
92109919
92110921
92106924
92110295
92110028
92108010
92111611
92115241
92109057
92111079
92114128
92114142
92106899
92113387
92112809
92112330
92114321
92107279
92111522
92112953
92113966
92108054
92106657
92114088
92107242
92108729
92114204
92109120
92111633
92115200
92107470
92107233
92111038
92112801
92114854
92107116
92115372
92109606
92108499
92107061
92109702
92106922
92110294
92111559
92107086
92109350
92110358
92114937
92109311
92110696
92109441
92114433
92112910
92111693
92110545
92109930
92108910
92109997
92109686
92107643
92110683
92111974
92109102
92114716
92110047
92114851
92113560
92109018
92111180
92112467
92115197
92108418
92106456
92107934
92113423
92108663
92110481
92114897
92113383
92106935
92108859
92113333
92107591
92115138
92108122
92106908
92111997
92108672
92109484
92114394
92112121
92110521
92109569
92113229
92110259
92110291
92112478
92114265
92108758
92111466
92109919
92110921
92106924
92110295
92110028
92108010
92111611
92115241
92109057
92111079
92114128
92114142
92106899
92113387
92112809
92112330
92114321
92107279
92111522
92112953
92113966
92108054
92106657
92114088
92107242
92108729
92114204
92109120
92111633
92115200
92107470
92107233
92111038
92112801
92114854
92107116
92115372
92109606
92108499
92107061
92109702
92106922
92110294
92111559
92107086
92109350
92110358
92114937
92109311
92110696
92109441
92114433
92112910
92111693
92110545
92109930
92108910
92109997
92109686
92107643
92110683
92111974
92109102
92114716
92110047
92114851
92113560
92109018
92111180
92112467
92115197
92108418
92106456
92107934
92113423
92108663
92110481
92114897
92113383
92106935
92108859
92113333
92107591
92115138
92108122
92106908
92111997
92108672
92109484
92114394
92112121
92110521
92109569
92113229
92110259
92110291
92112478
92114265
92108758
92111466
92109919
92110921
92106924
92110295
92110028
92108010
92111611
92115241
92109057
92111079
92114128
92114142
92106899
92113387
92112809
92112330
92114321
92107279
92111522
92112953
92113966
92108054
92106657
92114088
92107242
92108729
92114204
92109120
92111633
92115200
92107470
92107233
92111038
92112801
92114854
92107116
92115372
92109606
92108499
92107061
92109702
92106922
92110294
92111559
92107086
92109350
92110358
92114937
92109311
92110696
92109441
92114433
92112910
92111693
92110545
92109930
92108910
92109997
92109686
92107643
92110683
92111974
92109102
92114716
92110047
92114851
92113560
92109018
92111180
92112467
92115197
92108418
92106456
92107934
92113423
92108663
92110481
92114897
92113383
92106935
92108859
92113333
92107591
92115138
92108122
92106908
92111997
92108672
92109484
92114394
92112121
92110521
92109569
92113229
92110259
92110291
92112478
92114265
92108758
92111466
92109919
92110921
92106924
92110295
92110028
92108010
92111611
92115241
92109057
92111079
92114128
92114142
92106899
92113387
92112809
92112330
92114321
92107279
92111522
92112953
92113966
92108054
92106657
92114088
92107242
92108729
92114204
92109120
92111633
92115200
92107470
92107233
92111038
92112801
92114854
92107116
92115372
92109606
92108499
92107061
92109702
92106922
92110294
92111559
92107086
92109350
92110358
92114937
92109311
92110696
92109441
92114433
92112910
92111693
92110545
92109930
92108910
92109997
92109686
92107643
92110683
92111974
92109102
92114716
92110047
92114851
92113560
92109018
92111180
92112467
92115197
92108418
92106456
92107934
92113423
92108663
92110481
92114897
92113383
92106935
92108859
92113333
92107591
92115138
92108122
92106908
92111997
92108672
92109484
92114394
92112121
92110521
92109569
92113229
92110259
92110291
92112478
92114265
92108758
92111466
92109919
92110921
92106924
92110295
92110028
92108010
92111611
92115241
92109057
92111079
92114128
92114142
92106899
92113387
92112809
92112330
92114321
92107279
92111522
92112953
92113966
92108054
92106657
92114088
92107242
92108729
92114204
92109120
92111633
92115200
92107470
92107233
92111038
92112801
92114854
92107116
92115372
92109606
92108499
92107061
92109702
92106922
92110294
92111559
92107086
92109350
92110358
92114937
92109311
92110696
92109441
92114433
92112910
92111693
92110545
92109930
92108910
92109997
92109686
92107643
92110683
92111974
92109102
92114716
92110047
92114851
92113560
92109018
92111180
92112467
92115197
92108418
92106456
92107934
92113423
92108663
92110481
92114897
92113383
92106935
92108859
92113333
92107591
92115138
92108122
92106908
92111997
92108672
92109484
92114394
92112121
92110521
92109569
92113229
92110259
92110291
92112478
92114265
92108758
