19
10
18
20
19
5
6
6
1
12
5
19
19
3
15
8
13
9
1
17
13
20
1
9
12
2
10
4
10
16
8
19
8
18
19
19
0
6
7
7
1
5
16
3
12
4
12
4
15
6
6
11
17
4
16
18
18
6
16
12
0
18
15
5
20
3
14
14
10
3
20
19
6
13
14
20
15
2
14
1
10
11
18
15
6
6
20
9
9
9
5
1
2
8
17
13
4
10
18
8
19
10
18
20
19
5
6
6
1
12
5
19
19
3
15
8
13
9
1
17
13
20
1
9
12
2
10
4
10
16
8
19
8
18
19
19
0
6
7
7
1
5
16
3
12
4
12
4
15
6
6
11
17
4
16
18
18
6
16
12
0
18
15
5
20
3
14
14
10
3
20
19
6
13
14
20
15
2
14
1
10
11
18
15
6
6
20
9
9
9
5
1
2
8
17
13
4
10
18
8
19
10
18
20
19
5
6
6
1
12
5
19
19
3
15
8
13
9
1
17
13
20
1
9
12
2
10
4
10
16
8
19
8
18
19
19
0
6
7
7
1
5
16
3
12
4
12
4
15
6
6
11
17
4
16
18
18
6
16
12
0
18
15
5
20
3
14
14
10
3
20
19
6
13
14
20
15
2
14
1
10
11
18
15
6
6
20
9
9
9
5
1
2
8
17
13
4
10
18
8
19
10
18
20
19
5
6
6
1
12
5
19
19
3
15
8
13
9
1
17
13
20
1
9
12
2
10
4
10
16
8
19
8
18
19
19
0
6
7
7
1
5
16
3
12
4
12
4
15
6
6
11
17
4
16
18
18
6
16
12
0
18
15
5
20
3
14
14
10
3
20
19
6
13
14
20
15
2
14
1
10
11
18
15
6
6
20
9
9
9
5
1
2
8
17
13
4
10
18
8
19
10
18
20
19
5
6
6
1
12
5
19
19
3
15
8
13
9
1
17
13
20
1
9
12
2
10
4
10
16
8
19
8
18
19
19
0
6
7
7
1
5
16
3
12
4
12
4
15
6
6
11
17
4
16
18
18
6
16
12
0
18
15
5
20
3
14
14
10
3
20
19
6
13
14
20
15
2
14
1
10
11
18
15
6
6
20
9
9
9
5
1
2
8
17
13
4
10
18
8
