1
13
2
14
10
15
19
3
17
9
6
13
10
13
14
18
1
13
16
19
9
8
9
20
8
7
2
3
12
17
12
4
0
7
19
15
15
3
5
10
10
13
8
14
12
4
19
0
10
19
1
2
15
13
19
1
10
11
14
8
7
11
3
9
1
13
15
0
3
19
16
13
7
10
6
2
11
10
10
20
19
16
7
1
10
9
7
5
5
3
4
8
19
8
2
18
19
1
0
18
1
13
2
14
10
15
19
3
17
9
6
13
10
13
14
18
1
13
16
19
9
8
9
20
8
7
2
3
12
17
12
4
0
7
19
15
15
3
5
10
10
13
8
14
12
4
19
0
10
19
1
2
15
13
19
1
10
11
14
8
7
11
3
9
1
13
15
0
3
19
16
13
7
10
6
2
11
10
10
20
19
16
7
1
10
9
7
5
5
3
4
8
19
8
2
18
19
1
0
18
1
13
2
14
10
15
19
3
17
9
6
13
10
13
14
18
1
13
16
19
9
8
9
20
8
7
2
3
12
17
12
4
0
7
19
15
15
3
5
10
10
13
8
14
12
4
19
0
10
19
1
2
15
13
19
1
10
11
14
8
7
11
3
9
1
13
15
0
3
19
16
13
7
10
6
2
11
10
10
20
19
16
7
1
10
9
7
5
5
3
4
8
19
8
2
18
19
1
0
18
1
13
2
14
10
15
19
3
17
9
6
13
10
13
14
18
1
13
16
19
9
8
9
20
8
7
2
3
12
17
12
4
0
7
19
15
15
3
5
10
10
13
8
14
12
4
19
0
10
19
1
2
15
13
19
1
10
11
14
8
7
11
3
9
1
13
15
0
3
19
16
13
7
10
6
2
11
10
10
20
19
16
7
1
10
9
7
5
5
3
4
8
19
8
2
18
19
1
0
18
1
13
2
14
10
15
19
3
17
9
6
13
10
13
14
18
1
13
16
19
9
8
9
20
8
7
2
3
12
17
12
4
0
7
19
15
15
3
5
10
10
13
8
14
12
4
19
0
10
19
1
2
15
13
19
1
10
11
14
8
7
11
3
9
1
13
15
0
3
19
16
13
7
10
6
2
11
10
10
20
19
16
7
1
10
9
7
5
5
3
4
8
19
8
2
18
19
1
0
18
