1613792503635
1613792503636
1613792503636
1613792503636
1613792503636
1613792503636
1613792503636
1613792503636
1613792503636
1613792503636
1613792503636
1613792503636
1613792503636
1613792503636
1613792503636
1613792503636
1613792503636
1613792503636
1613792503636
1613792503636
1613792503636
1613792503636
1613792503636
1613792503636
1613792503636
1613792503636
1613792503636
1613792503636
1613792503636
1613792503636
1613792503636
1613792503636
1613792503636
1613792503636
1613792503636
1613792503636
1613792503636
1613792503636
1613792503636
1613792503636
1613792503636
1613792503636
1613792503636
1613792503636
1613792503636
1613792503636
1613792503636
1613792503636
1613792503636
1613792503636
1613792503636
1613792503636
1613792503637
1613792503637
1613792503637
1613792503637
1613792503637
1613792503637
1613792503637
1613792503637
1613792503637
1613792503637
1613792503637
1613792503637
1613792503637
1613792503637
1613792503637
1613792503637
1613792503637
1613792503637
1613792503637
1613792503637
1613792503637
1613792503637
1613792503637
1613792503637
1613792503637
1613792503637
1613792503637
1613792503637
1613792503637
1613792503637
1613792503637
1613792503637
1613792503637
1613792503637
1613792503637
1613792503637
1613792503637
1613792503637
1613792503637
1613792503637
1613792503637
1613792503637
1613792503637
1613792503637
1613792503637
1613792503637
1613792503637
1613792503637
1613792505479
1613792505479
1613792505479
1613792505479
1613792505479
1613792505479
1613792505479
1613792505479
1613792505479
1613792505479
1613792505479
1613792505479
1613792505479
1613792505479
1613792505480
1613792505480
1613792505480
1613792505480
1613792505480
1613792505480
1613792505480
1613792505480
1613792505480
1613792505480
1613792505480
1613792505480
1613792505480
1613792505480
1613792505480
1613792505480
1613792505480
1613792505480
1613792505480
1613792505480
1613792505480
1613792505480
1613792505480
1613792505480
1613792505480
1613792505480
1613792505480
1613792505480
1613792505480
1613792505480
1613792505480
1613792505480
1613792505480
1613792505480
1613792505480
1613792505480
1613792505481
1613792505481
1613792505481
1613792505481
1613792505481
1613792505481
1613792505481
1613792505481
1613792505481
1613792505481
1613792505481
1613792505481
1613792505481
1613792505481
1613792505481
1613792505481
1613792505481
1613792505481
1613792505481
1613792505481
1613792505481
1613792505481
1613792505481
1613792505481
1613792505481
1613792505481
1613792505481
1613792505481
1613792505481
1613792505481
1613792505481
1613792505481
1613792505481
1613792505481
1613792505481
1613792505481
1613792505481
1613792505481
1613792505481
1613792505481
1613792505481
1613792505481
1613792505481
1613792505481
1613792505481
1613792505481
1613792505481
1613792505481
1613792505481
1613792505482
1613792510931
1613792510931
1613792510931
1613792510931
1613792510931
1613792510931
1613792510931
1613792510931
1613792510931
1613792510931
1613792510931
1613792510931
1613792510931
1613792510931
1613792510931
1613792510931
1613792510931
1613792510931
1613792510931
1613792510931
1613792510931
1613792510931
1613792510931
1613792510931
1613792510931
1613792510931
1613792510931
1613792510931
1613792510931
1613792510931
1613792510931
1613792510931
1613792510931
1613792510931
1613792510931
1613792510931
1613792510931
1613792510931
1613792510931
1613792510931
1613792510931
1613792510931
1613792510931
1613792510931
1613792510932
1613792510932
1613792510932
1613792510932
1613792510932
1613792510932
1613792510932
1613792510932
1613792510932
1613792510932
1613792510932
1613792510932
1613792510932
1613792510932
1613792510932
1613792510932
1613792510932
1613792510932
1613792510932
1613792510932
1613792510932
1613792510932
1613792510932
1613792510932
1613792510932
1613792510932
1613792510932
1613792510932
1613792510932
1613792510932
1613792510932
1613792510932
1613792510932
1613792510932
1613792510932
1613792510932
1613792510932
1613792510932
1613792510932
1613792510932
1613792510932
1613792510932
1613792510932
1613792510932
1613792510932
1613792510932
1613792510932
1613792510932
1613792510932
1613792510932
1613792510932
1613792510933
1613792510933
1613792510933
1613792510933
1613792510933
1613792708309
1613792708309
1613792708309
1613792708309
1613792708309
1613792708309
1613792708309
1613792708309
1613792708309
1613792708309
1613792708309
1613792708309
1613792708309
1613792708309
1613792708309
1613792708309
1613792708309
1613792708309
1613792708309
1613792708309
1613792708309
1613792708309
1613792708309
1613792708309
1613792708309
1613792708309
1613792708309
1613792708309
1613792708309
1613792708309
1613792708309
1613792708309
1613792708309
1613792708309
1613792708309
1613792708309
1613792708309
1613792708309
1613792708310
1613792708310
1613792708310
1613792708310
1613792708310
1613792708310
1613792708310
1613792708310
1613792708310
1613792708310
1613792708310
1613792708310
1613792708310
1613792708310
1613792708310
1613792708310
1613792708310
1613792708310
1613792708310
1613792708310
1613792708310
1613792708310
1613792708310
1613792708310
1613792708310
1613792708310
1613792708310
1613792708310
1613792708310
1613792708310
1613792708310
1613792708310
1613792708310
1613792708310
1613792708310
1613792708310
1613792708310
1613792708310
1613792708310
1613792708310
1613792708310
1613792708310
1613792708310
1613792708310
1613792708310
1613792708310
1613792708310
1613792708310
1613792708310
1613792708310
1613792708311
1613792708311
1613792708311
1613792708311
1613792708311
1613792708311
1613792708311
1613792708311
1613792708311
1613792708311
1613792708311
1613792708311
1613793145631
1613793145631
1613793145631
1613793145631
1613793145631
1613793145631
1613793145631
1613793145631
1613793145631
1613793145631
1613793145631
1613793145631
1613793145631
1613793145631
1613793145631
1613793145631
1613793145631
1613793145631
1613793145631
1613793145631
1613793145631
1613793145631
1613793145631
1613793145631
1613793145631
1613793145631
1613793145631
1613793145632
1613793145632
1613793145632
1613793145632
1613793145632
1613793145632
1613793145632
1613793145632
1613793145632
1613793145632
1613793145632
1613793145632
1613793145632
1613793145632
1613793145632
1613793145632
1613793145632
1613793145632
1613793145632
1613793145632
1613793145632
1613793145632
1613793145632
1613793145632
1613793145632
1613793145632
1613793145632
1613793145632
1613793145632
1613793145632
1613793145632
1613793145632
1613793145632
1613793145632
1613793145632
1613793145632
1613793145632
1613793145632
1613793145632
1613793145632
1613793145632
1613793145632
1613793145632
1613793145632
1613793145632
1613793145632
1613793145632
1613793145632
1613793145632
1613793145632
1613793145632
1613793145632
1613793145633
1613793145633
1613793145633
1613793145633
1613793145633
1613793145633
1613793145633
1613793145633
1613793145633
1613793145633
1613793145633
1613793145633
1613793145633
1613793145633
1613793145633
1613793145633
1613793145633
1613793145633
1613793145633
1613793145633
1613793145633
